27494652,
8971529557,
9232525849,
9232537175,
728205177,
241017426,
176087556,
112591894,
8923519660,
8923514169,
8972037075,
8971793315,
8923525041,
8923530428,
9232534179,
9232527172,
9232526340,
69947367,
9098354728,
8983477635,
2605966484,
1241156683,
162857391,
583159170,
8823452735,
8811995542,
8822950340,
8822669431,
8972200368,
8822704240,
8823528068,
8923536003,
8899997277,
8823383004,
8898949024,
8811981356,
9232528735,
10472779,
9029565989,
532254782,
90211299,
179369914,
201756020,
8823492961,
8900416850,
8822829368,
8823466673,
8929031046,
8923545232,
8809289351,
57902997,
9232529832,
9232529420,
566780253,
939145471,
9028155558,
183826384,
161220552,
8923550728,
8822937675,
8809600283,
192456288,
16726984,
26017478,
8809683712,
8810059427,
8822994848,
8809314257,
8810060231,
8923554749,
8810088074,
8822885672,
8823352375,
106064469,
24396804,
14130887,
49052686,
9148411647,
1560608167,
9232531478,
9232527648,
9232530872,
9232530476,
9150059409,
16214845,
15177716,
57902859,
32353654,
9065523612,
9029555148,
8823320607,
8369159201,
8369243546,
8680848818,
27474371,
8923568176,
111876831,
121925044,
26014536,
8900519404,
2261478942,
17237675,
1560400932,
181355844,
8313156511,
8923560478,
8923564582,
243890860,
8810113376,
8810195705,
57983650,
8614901955,
10510024,
8656001696,
8810475635,
236441643,
503957703,
61459678,
8823363273,
8614873341,
120749494,
8822910259,
8979573247,
8976417527,
88146497,
8976360537,
221173959,
8322091185,
89491407,
8980233325,
9232531961,
8900689471,
181196009,
104642550,
142498104,
109583846,
63253701,
313547087,
8823007713,
8305377952,
8304948803,
51302649,
135518721,
8303436119,
8369618121,
8305026552,
11885154,
8369548220,
8810496000,
8305086289,
8810563115,
356213494,
8302996193,
8318165091,
221181437,
8924279244,
8304940369,
29532138,
8303805408,
116040828,
8923571833,
12145515,
9232532662,
9232532221,
9145288267,
162857316,
52627419,
22960388,
8305121675,
88143074,
97161222,
8305136157,
2530729378,
212500257,
8305156770,
8614976615,
834681446,
8823071996,
8823038757,
8305120063,
2385189785,
8810589824,
99797357,
743687369,
8305139395,
90718618,
2620523077,
8305178266,
31839260,
8305125358,
9232533630,
9232533068,
183347165,
16726030,
8823097308,
92627975,
8305181250,
124908832,
99119158,
8810769228,
10758456,
346687267,
144980658,
9232537554,
892001727,
9248606166,
24659699,
57983479,
2136389582,
147143821,
76170515,
8305192411,
119101539,
8370157359,
430066424,
8923829685,
8923825318,
8810814296,
8823131335,
8823160772,
9232538124,
9102527428,
9065576562,
295460702,
8900619626,
8810858972,
8680851601,
243788010,
44116233,
183665514,
891900286,
2413687523,
49491736,
2226815033,
583007360,
8923839034,
8810847045,
8823159495,
9232584242,
9232577483,
9102158288,
9102118730,
292971046,
22596452,
8701577171,
181469197,
391005275,
335085355,
8823190691,
8972731327,
2290921705,
8614829511,
754869699,
8811086901,
8367927136,
8923846573,
186867693,
8823177437,
8924608938,
8810910310,
150363993,
629893424,
317593132,
9232589726,
9232585110,
9103132433,
569678090,
9150119021,
101078911,
9065627298,
8811152245,
8823264526,
8680749055,
37347081,
2620521684,
8680827844,
8924327160,
8924608165,
8322089814,
8976244768,
47871615,
31839337,
295461517,
8976306794,
8823265388,
8615005760,
9221980161,
241512134,
27494652,
8971529557,
9232525849,
9232537175,
728205177,
241017426,
176087556,
112591894,
8923519660,
8923514169,
8972037075,
8971793315,
8923525041,
8923530428,
9232534179,
9232527172,
9232526340,
69947367,
9098354728,
8983477635,
2605966484,
1241156683,
162857391,
583159170,
8823452735,
8811995542,
8822950340,
8822669431,
8972200368,
8822704240,
8823528068,
8923536003,
8899997277,
8823383004,
8898949024,
8811981356,
9232528735,
10472779,
9029565989,
532254782,
90211299,
179369914,
201756020,
8823492961,
8900416850,
8822829368,
8823466673,
8929031046,
8923545232,
8809289351,
57902997,
9232529832,
9232529420,
566780253,
939145471,
9028155558,
183826384,
161220552,
8923550728,
8822937675,
8809600283,
192456288,
16726984,
26017478,
8809683712,
8810059427,
8822994848,
8809314257,
8810060231,
8923554749,
8810088074,
8822885672,
8823352375,
106064469,
24396804,
14130887,
49052686,
9148411647,
1560608167,
9232531478,
9232527648,
9232530872,
9232530476,
9150059409,
16214845,
15177716,
57902859,
32353654,
9065523612,
9029555148,
8823320607,
8369159201,
8369243546,
8680848818,
27474371,
8923568176,
111876831,
121925044,
26014536,
8900519404,
2261478942,
17237675,
1560400932,
181355844,
8313156511,
8923560478,
8923564582,
243890860,
8810113376,
8810195705,
57983650,
8614901955,
10510024,
8656001696,
8810475635,
236441643,
503957703,
61459678,
8823363273,
8614873341,
120749494,
8822910259,
8979573247,
8976417527,
88146497,
8976360537,
221173959,
8322091185,
89491407,
8980233325,
9232531961,
8900689471,
181196009,
104642550,
142498104,
109583846,
63253701,
313547087,
8823007713,
8305377952,
8304948803,
51302649,
135518721,
8303436119,
8369618121,
8305026552,
11885154,
8369548220,
8810496000,
8305086289,
8810563115,
356213494,
8302996193,
8318165091,
221181437,
8924279244,
8304940369,
29532138,
8303805408,
116040828,
8923571833,
12145515,
9232532662,
9232532221,
9145288267,
162857316,
52627419,
22960388,
8305121675,
88143074,
97161222,
8305136157,
2530729378,
212500257,
8305156770,
8614976615,
834681446,
8823071996,
8823038757,
8305120063,
2385189785,
8810589824,
99797357,
743687369,
8305139395,
90718618,
2620523077,
8305178266,
31839260,
8305125358,
9232533630,
9232533068,
183347165,
16726030,
8823097308,
92627975,
8305181250,
124908832,
99119158,
8810769228,
10758456,
346687267,
144980658,
9232537554,
892001727,
9248606166,
24659699,
57983479,
2136389582,
147143821,
76170515,
8305192411,
119101539,
8370157359,
430066424,
8923829685,
8923825318,
8810814296,
8823131335,
8823160772,
9232538124,
9102527428,
9065576562,
295460702,
8900619626,
8810858972,
8680851601,
243788010,
44116233,
183665514,
891900286,
2413687523,
49491736,
2226815033,
583007360,
8923839034,
8810847045,
8823159495,
9232584242,
9232577483,
9102158288,
9102118730,
292971046,
22596452,
8701577171,
181469197,
391005275,
335085355,
8823190691,
8972731327,
2290921705,
8614829511,
754869699,
8811086901,
8367927136,
8923846573,
186867693,
8823177437,
8924608938,
8810910310,
150363993,
629893424,
317593132,
9232589726,
9232585110,
9103132433,
569678090,
9150119021,
101078911,
9065627298,
8811152245,
8823264526,
8680749055,
37347081,
2620521684,
8680827844,
8924327160,
8924608165,
8322089814,
8976244768,
47871615,
31839337,
295461517,
8976306794,
8823265388,
8615005760,
9221980161,
241512134,
1241586595,
93536844,
233519998,
16641274,
241511828,
375832969,
8983155437,
94233286,
65954788,
1180417820,
101734094,
8976597624,
8284180123,
86494914,
169669671,
127506257,
110892267,
82357123,
154727251,
80661504,
48596305,
9080426104,
11563251,
8249403167,
1046323916,
1208300505,
156467990,
72644644,
68603324,
1046322934,
94233344,
164207842,
8401840663,
130925426,
90718505,
83704165,
90718350,
409745306,
106701702,
8976053365,
162857422,
12902404,
91360104,
8907367600,
85145680,
718258183,
116693764,
8401838147,
9113778124,
9023900872,
98411393,
94233367,
215355157,
188643628,
163995460,
80576913,
147143863,
170896941,
62827106,
114020505,
95354288,
115377964,
181356054,
97885508,
346687565,
80597060,
139578207,
9056181408,
8907741124,
2136411578,
95354304,
503957396,
78730532,
54130559,
225921000,
1001653705,
101078559,
517827255,
241017568,
84012460,
335132838,
60357972,
62350883,
11373617,
93136802,
2568113462,
69499437,
183665698,
113299620,
74385386,
9147830816,
8924998540,
33383241,
2544549379,
439989184,
268533320,
82357079,
1060282245,
71037101,
8249673828,
8648335553,
8401839486,
8823486999,
128160832,
85754656,
139574344,
9148018259,
77443704,
846794018,
66896601,
90718686,
8680428925,
168140516,
79446473,
8249401382,
46360920,
341110180,
99119240,
8249402012,
187840979,
150366274,
8249643807,
563288952,
107458483,
16979083,
1180418251,
77443461,
84417281,
50937815,
8242865643,
8596442432,
132789698,
83021250,
8321979578,
51757158,
12562495,
97161295,
16688968,
146071355,
83021197,
8249343255,
163348758,
1427401206,
2136443074,
8924695524,
92142799,
212296936,
110789105,
236403380,
105351503,
124126528,
26421972,
972189904,
169602388,
181469279,
190094159,
9043236225,
8249342761,
8401904574,
56561579,
59848474,
96501417,
117498775,
32356064,
37816777,
42845853,
89487934,
1856115349,
939148317,
95951330,
232522034,
78005009,
718259118,
9023431150,
746687364,
170896571,
118281463,
102705454,
243007180,
158069110,
172246820,
88885539,
122278149,
16895215,
250407413,
2569028708,
129471121,
33866846,
131372632,
9065545734,
178076989,
2261167878,
67747912,
517827962,
125013830,
17680660,
70476425,
130113061,
172246669,
8312244247,
9065589963,
8960464826,
10468797,
8401839928,
83021217,
130113146,
501942750,
8284075017,
8284070557,
8284005278,
8284039976,
8284154936,
430065768,
8284201029,
8284215377,
8284059740,
126719148,
163351579,
8284175063,
8284170649,
8284425170,
8284192494,
8284195909,
8284096144,
8284052812,
8284045000,
8284088612,
8284110031,
8284065046,
8284145289,
8284219755,
8284247471,
8284204436,
8284033384,
8242772826,
8242768769,
8242766952,
8242768011,
108158379,
8242773250,
29099749,
26417031,
64869947,
110704033,
8242770062,
34901961,
8401838816,
10727852,
50454086,
8242774760,
8242771891,
8242764191,
93136746,
8242760959,
45177979,
8242775137,
139577901,
8242775640,
8242773921,
8242772518,
8242766336,
8242765267,
8242760007,
8242773579,
8242776109,
8286325849,
268586231,
8278061355,
81330766,
8242771242,
8976647022,
8924659018,
169602010,
23727705,
8924907170,
8242769090,
8242765948,
261439002,
8242770411,
8242764617,
73829193,
8242774373,
8242769664,
8249402486,
1103011681,
8249331944,
2103276507,
92142841,
1241586595,
93536844,
233519998,
16641274,
241511828,
375832969,
8983155437,
94233286,
65954788,
1180417820,
101734094,
8976597624,
8284180123,
86494914,
169669671,
127506257,
110892267,
82357123,
154727251,
80661504,
48596305,
9080426104,
11563251,
8249403167,
1046323916,
1208300505,
156467990,
72644644,
68603324,
1046322934,
94233344,
164207842,
8401840663,
130925426,
90718505,
83704165,
90718350,
409745306,
106701702,
8976053365,
162857422,
12902404,
91360104,
8907367600,
85145680,
718258183,
116693764,
8401838147,
9113778124,
9023900872,
98411393,
94233367,
215355157,
188643628,
163995460,
80576913,
147143863,
170896941,
62827106,
114020505,
95354288,
115377964,
181356054,
97885508,
346687565,
80597060,
139578207,
9056181408,
8907741124,
2136411578,
95354304,
503957396,
78730532,
54130559,
225921000,
1001653705,
101078559,
517827255,
241017568,
84012460,
335132838,
60357972,
62350883,
11373617,
93136802,
2568113462,
69499437,
183665698,
113299620,
74385386,
9147830816,
8924998540,
33383241,
2544549379,
439989184,
268533320,
82357079,
1060282245,
71037101,
8249673828,
8648335553,
8401839486,
8823486999,
128160832,
85754656,
139574344,
9148018259,
77443704,
846794018,
66896601,
90718686,
8680428925,
168140516,
79446473,
8249401382,
46360920,
341110180,
99119240,
8249402012,
187840979,
150366274,
8249643807,
563288952,
107458483,
16979083,
1180418251,
77443461,
84417281,
50937815,
8242865643,
8596442432,
132789698,
83021250,
8321979578,
51757158,
12562495,
97161295,
16688968,
146071355,
83021197,
8249343255,
163348758,
1427401206,
2136443074,
8924695524,
92142799,
212296936,
110789105,
236403380,
105351503,
124126528,
26421972,
972189904,
169602388,
181469279,
190094159,
9043236225,
8249342761,
8401904574,
56561579,
59848474,
96501417,
117498775,
32356064,
37816777,
42845853,
89487934,
1856115349,
939148317,
95951330,
232522034,
78005009,
718259118,
9023431150,
746687364,
170896571,
118281463,
102705454,
243007180,
158069110,
172246820,
88885539,
122278149,
16895215,
250407413,
2569028708,
129471121,
33866846,
131372632,
9065545734,
178076989,
2261167878,
67747912,
517827962,
125013830,
17680660,
70476425,
130113061,
172246669,
8312244247,
9065589963,
8960464826,
10468797,
8401839928,
83021217,
130113146,
501942750,
8284075017,
8284070557,
8284005278,
8284039976,
8284154936,
430065768,
8284201029,
8284215377,
8284059740,
126719148,
163351579,
8284175063,
8284170649,
8284425170,
8284192494,
8284195909,
8284096144,
8284052812,
8284045000,
8284088612,
8284110031,
8284065046,
8284145289,
8284219755,
8284247471,
8284204436,
8284033384,
8242772826,
8242768769,
8242766952,
8242768011,
108158379,
8242773250,
29099749,
26417031,
64869947,
110704033,
8242770062,
34901961,
8401838816,
10727852,
50454086,
8242774760,
8242771891,
8242764191,
93136746,
8242760959,
45177979,
8242775137,
139577901,
8242775640,
8242773921,
8242772518,
8242766336,
8242765267,
8242760007,
8242773579,
8242776109,
8286325849,
268586231,
8278061355,
81330766,
8242771242,
8976647022,
8924659018,
169602010,
23727705,
8924907170,
8242769090,
8242765948,
261439002,
8242770411,
8242764617,
73829193,
8242774373,
8242769664,
8249402486,
1103011681,
8249331944,
2103276507,
92142841
